      2.0000000     -17456.304     0.72206347     0.91138672     0.38221083     0.91138672
      2.0100000     -17382.645     0.74443313     0.90799642     0.41359621     0.90799642
      2.0200000     -17306.516     0.76719045     0.90438398     0.45317609     0.90438398
      2.0300000     -17229.622     0.78660948     0.90075777     0.48647089     0.90075777
      2.0400000     -17149.236     0.80496064     0.89684262     0.52721801     0.89684262
      2.0500000     -17067.972     0.83167821     0.89276191     0.58216478     0.89276191
      2.0600000     -16983.604     0.85465079     0.88846881     0.63745811     0.88846881
      2.0700000     -16896.307     0.87777566     0.88393447     0.68965680     0.88393447
      2.0800000     -16808.145     0.91007316     0.87919406     0.80208261     0.87919406
      2.0900000     -16715.289     0.93293168     0.87411378     0.84605375     0.87411378
      2.1000000     -16621.291     0.96518621     0.86871568     0.95991009     0.86871568
      2.1100000     -16524.373     0.99211202     0.86315340      1.0500456     0.86315340
      2.1200000     -16422.520      1.0274190     0.85693367      1.2159215     0.85693367
      2.1300000     -16316.356      1.0603628     0.85023219      1.3788849     0.85023219
      2.1400000     -16209.951      1.1045679     0.84336931      1.5963086     0.84336931
      2.1500000     -16098.173      1.1406283     0.83587046      1.7850080     0.83587046
      2.1600000     -15980.404      1.1862540     0.82709324      2.4307282     0.82709324
      2.1700000     -15861.477      1.2401569     0.81863678      2.5242093     0.81863678
      2.1800000     -15737.630      1.2826592     0.80890449      2.9806839     0.80890449
      2.1900000     -15604.244      1.3478991     0.79765281      3.7284412     0.79765281
      2.2000000     -15463.178      1.4223588     0.78458689      4.7795777     0.78458689
      2.2100000     -15314.840      1.5034634     0.76864792      7.2152415     0.76864792
      2.2200000     -15166.342      1.5818100     0.75374469      8.8439438     0.75374469
      2.2300000     -15002.081      1.6921666     0.73410165      11.404390     0.73410165
      2.2400000     -14823.973      1.8809245    -0.52031782      25.838717     0.70580273
      2.2500000     -14633.555      1.9939171     0.18898066      37.697005     0.67348689
      2.2600000     -14411.805      2.2986263     0.50133663      76.262020     0.61965773
      2.2700000     -14176.794      2.4694895    0.068693026      100.10231     0.56120304
      2.2800000     -13939.541      2.5041976    -0.15490788      145.70813     0.48270436
      2.2900000     -13693.562      2.3005958    0.071147090      155.69383     0.39597423
      2.3000000     -13480.733      2.0877394    0.016016447      140.52410     0.33237245
      2.3100000     -13277.601      1.8478891  -0.0042172630      119.71825     0.27113765
      2.3200000     -13107.595      1.6403197    0.014905149      97.028877     0.23009150
      2.3300000     -12948.917      1.5550697    0.022357793      75.795349     0.19693385
      2.3400000     -12794.835      1.4536154  -0.0061719222      59.955086     0.16771532
      2.3500000     -12656.757      1.3719302  -0.0088677080      51.312779     0.15570869
      2.3600000     -12525.062      1.3091203  -0.0028232496      42.784621     0.13781371
      2.3700000     -12396.825      1.2668197   0.0025561958      37.053240     0.12657592
      2.3800000     -12274.989      1.2078584   0.0043320528      31.001418     0.11638213
      2.3900000     -12151.336      1.1626923   0.0013335292      26.019751     0.10698463
      2.4000000     -12040.111      1.1245171  -0.0014624594      23.358713     0.10197838
      2.4100000     -11928.411      1.0945356  0.00024331380      20.651506    0.093471531
      2.4200000     -11821.694      1.0577299 -5.4524600E-05      18.239496    0.088526938
      2.4300000     -11719.878      1.0338970  0.00011006700      16.266236    0.084422545
      2.4400000     -11616.382      1.0081519  0.00095207680      14.886348    0.080471881
      2.4500000     -11518.177     0.97968687   0.0015406192      13.618137    0.077301868
      2.4600000     -11422.664     0.94429787   0.0017647878      12.243448    0.072678123
      2.4700000     -11328.147     0.92791433 -0.00067161660      11.414509    0.070230451
      2.4800000     -11237.267     0.90389505   0.0015579678      10.700362    0.068185862
      2.4900000     -11149.834     0.88482273  0.00076248800      9.8961334    0.065795514
      2.5000000     -11060.328     0.86048679 -2.1570600E-05      9.0106277    0.063257205
      2.5100000     -10976.792     0.84823876  -0.0016167622      8.5610908    0.061626221
      2.5200000     -10892.644     0.82533880  -0.0011052390      7.9434832    0.059641139
      2.5300000     -10809.936     0.81269662  -0.0017109302      7.4291420    0.057517421
      2.5400000     -10730.822     0.79082397 -0.00032970400      6.9441572    0.055997306
      2.5500000     -10652.439     0.77884251  0.00038383560      6.6677784    0.054748569
      2.5600000     -10576.190     0.76173731   0.0013458014      6.1384421    0.052836439
      2.5700000     -10501.024     0.75007404 -7.9049200E-05      5.8713306    0.051432539
      2.5800000     -10425.217     0.73630730 -0.00019513180      5.4722047    0.050098115
      2.5900000     -10354.323     0.72113915 -6.5408400E-05      5.3004811    0.049113319
      2.6000000     -10283.669     0.70974108  0.00070867560      5.0064244    0.047732357
