      2.0000000     -6283.9983     0.72514792     0.91131597     0.38493928     0.91131597
      2.0100000     -6257.7904     0.74464323     0.90802246     0.41194433     0.90802246
      2.0200000     -6230.2788     0.76560133     0.90441018     0.44601007     0.90441018
      2.0300000     -6202.6280     0.78459009     0.90073440     0.48572860     0.90073440
      2.0400000     -6174.2425     0.80623787     0.89686507     0.54488321     0.89686507
      2.0500000     -6144.3595     0.83080946     0.89272683     0.58202022     0.89272683
      2.0600000     -6114.3391     0.85709165     0.88846795     0.63462707     0.88846795
      2.0700000     -6082.7318     0.88090019     0.88393504     0.69464495     0.88393504
      2.0800000     -6051.2280     0.90350929     0.87937894     0.75615865     0.87937894
      2.0900000     -6017.2263     0.93865913     0.87398854     0.86603447     0.87398854
      2.1000000     -5984.2633     0.95949192     0.86902872     0.92435229     0.86902872
      2.1100000     -5948.9471     0.99183530     0.86327237      1.0495212     0.86327237
      2.1200000     -5912.5765      1.0206989     0.85719041      1.1729328     0.85719041
      2.1300000     -5873.0273      1.0699095     0.84979566      1.4662529     0.84979566
      2.1400000     -5834.4617      1.1043099     0.84293432      1.5937238     0.84293432
      2.1500000     -5796.2047      1.1279020     0.83610631      1.7453453     0.83610631
      2.1600000     -5753.0558      1.1954684     0.82713498      2.2231843     0.82713498
      2.1700000     -5709.7082      1.2398755     0.81808417      2.7332092     0.81808417
      2.1800000     -5664.5892      1.2827376     0.80864508      2.9535100     0.80864508
      2.1900000     -5617.6204      1.3400282     0.79767361      3.7415473     0.79767361
      2.2000000     -5568.6784      1.4164663    -0.21822127      5.3890561     0.78489490
      2.2100000     -5515.0449      1.4989409     0.77041854      6.2235283     0.77041856
      2.2200000     -5457.6298      1.5945235     0.75144029      9.5761752     0.75146411
      2.2300000     -5398.5770      1.7033107     0.56040920      12.807101     0.73131474
      2.2400000     -5337.4056      1.8162845     0.45865867      17.609665     0.70824148
      2.2500000     -5267.6455      1.9668287    -0.20784659      24.341111     0.67755368
      2.2600000     -5196.0039      2.1232289    -0.15148448      35.265428     0.64010136
      2.2700000     -5115.7419      2.2055218    0.089607187      45.630485     0.59341447
      2.2800000     -5038.7593      2.2390344   -0.033334524      54.388535     0.54531882
      2.2900000     -4963.0614      2.1805469    0.023874219      58.068539     0.50323120
      2.3000000     -4886.2859      2.1339693    0.019476366      62.531750     0.45057975
      2.3100000     -4816.3565      1.9990362    0.019015190      61.809955     0.40625140
      2.3200000     -4741.0872      1.8417943    0.031160125      57.291332     0.35289887
      2.3300000     -4680.9629      1.7099808    0.017021405      53.190378     0.31802503
      2.3400000     -4619.4364      1.5745666  -0.0049230492      47.441465     0.28074105
      2.3500000     -4562.4303      1.4317517   0.0087473641      40.173008     0.24771774
      2.3600000     -4513.9813      1.3674651  -0.0029730397      36.240694     0.22863846
      2.3700000     -4467.3407      1.3096149   0.0085843551      32.117476     0.21272539
      2.3800000     -4423.1724      1.2515948   -0.013436744      28.970057     0.20132173
      2.3900000     -4378.0128      1.1953879   0.0068288770      25.266960     0.18164208
      2.4000000     -4334.4542      1.1376830 -0.00067666111      21.792389     0.16711181
      2.4100000     -4295.4613      1.0998310  -0.0013706626      19.935073     0.15835409
      2.4200000     -4257.1026      1.0616243   0.0055303366      17.498815     0.15064556
      2.4300000     -4219.4398      1.0351200  -0.0082814339      16.000362     0.14351922
      2.4400000     -4181.9197     0.99732587  -0.0015786195      14.383011     0.13472625
      2.4500000     -4147.5123     0.98335367  -0.0036337409      13.479273     0.13022727
      2.4600000     -4111.8547     0.94900069  -0.0011784515      11.861373     0.12251202
      2.4700000     -4078.2662     0.92380455   0.0030651198      11.161140     0.11816450
      2.4800000     -4045.3395     0.90182709  -0.0015882556      10.432205     0.11330437
      2.4900000     -4012.9987     0.88218617   0.0020839092      9.5055827     0.10892030
      2.5000000     -3982.4606     0.86294771  -0.0010261080      8.8737129     0.10614716
      2.5100000     -3952.1553     0.84638505  9.1842847E-05      8.4504257     0.10256789
      2.5200000     -3921.1028     0.82357367   0.0015868045      7.8705756    0.099619599
      2.5300000     -3891.4846     0.80709796  0.00049494924      7.2947567    0.095717720
      2.5400000     -3862.7357     0.78945529  -0.0016272698      6.8264955    0.093028791
      2.5500000     -3834.9458     0.77631047 -0.00080794271      6.5209152    0.090676041
      2.5600000     -3807.2906     0.76067579   0.0019668106      6.1774249    0.088444377
      2.5700000     -3780.6045     0.74845930 -0.00095908736      5.9100231    0.086797101
      2.5800000     -3754.0307     0.73345606 -8.1875000E-07      5.5179329    0.083724497
      2.5900000     -3727.5266     0.71729171  6.7291528E-05      5.1620749    0.081582952
      2.6000000     -3701.7070     0.70491380 -0.00044356319      5.0174667    0.080221784
