      2.0000000     -698.12987     0.72583696     0.91112637     0.39314300     0.91112637
      2.0100000     -695.15009     0.75331327     0.47307505     0.46363899     0.90747730
      2.0200000     -692.16931     0.76658631     0.90419547     0.45527336     0.90419547
      2.0300000     -689.11267     0.78958340     0.81244560     0.52668195     0.90040255
      2.0400000     -685.99345     0.80193190     0.89708932     0.51093047     0.89708932
      2.0500000     -682.60370     0.83643564     0.21193873     0.60353246     0.89243551
      2.0600000     -679.40547     0.85279982     0.87811209     0.63279283     0.88857709
      2.0700000     -675.85175     0.87589614     0.88412122     0.67023492     0.88412226
      2.0800000     -672.20304     0.90969808    -0.68526039     0.78234255     0.87893073
      2.0900000     -668.50554     0.93939679    -0.13359502     0.92081052     0.87340819
      2.1000000     -664.79030     0.96248133     0.18126936     0.93848613     0.86873826
      2.1100000     -661.08914     0.98664346   -0.015815948      1.0473694     0.86350165
      2.1200000     -656.77211      1.0369937     0.25588071      1.2433139     0.85626709
      2.1300000     -652.69393      1.0568391     0.56938577      1.3084758     0.85044793
      2.1400000     -648.49943      1.0886618     0.35452248      1.4696093     0.84371248
      2.1500000     -643.53613      1.1440511     0.24490097      1.6897689     0.83496764
      2.1600000     -639.60878      1.1653402     0.10457694      1.9011386     0.82857773
      2.1700000     -634.56638      1.2148777    0.010899623      2.1752403     0.81903920
      2.1800000     -629.65242      1.2624089    0.021916342      2.5469368     0.80961011
      2.1900000     -624.24329      1.3069856     0.22692319      2.7526174     0.79918285
      2.2000000     -618.92755      1.3452437    -0.12776441      3.0865868     0.78875710
      2.2100000     -613.52396      1.3920234    0.024949773      3.4117580     0.77772892
      2.2200000     -608.34621      1.4250872    0.021829374      3.7530462     0.76681009
      2.2300000     -601.99420      1.4849844   0.0074181856      4.3563757     0.75150076
      2.2400000     -596.07383      1.5186769    0.012329883      4.7701952     0.73791514
      2.2500000     -590.38440      1.5367243   -0.049523838      5.0483357     0.72547963
      2.2600000     -584.37596      1.5832311    0.083951156      5.5921031     0.71026770
      2.2700000     -577.92949      1.6161789    0.012051511      6.2578590     0.69248213
      2.2800000     -571.44945      1.6330471    0.031174827      6.5302689     0.67665214
      2.2900000     -564.76648      1.6433237   0.0097847081      6.9309557     0.65941978
      2.3000000     -557.88197      1.6769627   -0.027817110      7.5067634     0.63957918
      2.3100000     -550.24797      1.6797039   -0.022886842      8.0567922     0.61608408
      2.3200000     -545.52987      1.6579557   -0.026100753      8.0424864     0.60672302
      2.3300000     -537.70997      1.6569397    0.022516911      8.6064503     0.58036354
      2.3400000     -531.02246      1.6391476   -0.030654492      8.8504542     0.56105255
      2.3500000     -524.07886      1.6112443    0.025949288      9.0414873     0.53911511
      2.3600000     -518.47570      1.5643173   0.0065136269      8.9123390     0.52539014
      2.3700000     -513.17110      1.5321684  -0.0071905281      8.9558205     0.51042138
      2.3800000     -506.62604      1.4932690   0.0057465744      8.9193943     0.49036243
      2.3900000     -500.96975      1.4552206  -0.0064600150      8.9475273     0.47272340
      2.4000000     -494.93430      1.4044903   0.0034765181      8.8253385     0.45451164
      2.4100000     -488.95050      1.3658222 -0.00091760937      8.7354227     0.43455759
      2.4200000     -484.10443      1.3226340   -0.014247941      8.5393421     0.42260508
      2.4300000     -478.24489      1.2654778    0.013646954      8.3023553     0.40245167
      2.4400000     -473.36625      1.2211547  -0.0086005581      8.0410204     0.39071635
      2.4500000     -469.22578      1.1873263   -0.015880920      7.8328771     0.37941077
      2.4600000     -463.94764      1.1289667   0.0037559056      7.4691111     0.36417249
      2.4700000     -459.75748      1.1010684   0.0011790431      7.2827703     0.35338249
      2.4800000     -455.51413      1.0591516  -0.0064322138      6.9787624     0.34241606
      2.4900000     -451.32966      1.0322115  -0.0026770419      6.7627672     0.33040515
      2.5000000     -447.28939      1.0003634   0.0035437375      6.4971253     0.32029561
      2.5100000     -443.14816     0.95233097   0.0014316581      6.2031521     0.30980779
      2.5200000     -439.39813     0.92903754   0.0028802200      5.9450482     0.30185160
      2.5300000     -435.98367     0.90313928  -0.0010677481      5.7163192     0.29453923
      2.5400000     -431.73202     0.86922508 -0.00087280938      5.4518545     0.28025343
      2.5500000     -428.76110     0.85252328   -0.010841750      5.2944653     0.27706804
      2.5600000     -425.15057     0.82742037  -0.0017032294      5.0547973     0.26805237
      2.5700000     -422.35315     0.80880439  -0.0030324737      4.9048088     0.26396206
      2.5800000     -419.29233     0.79025720  -0.0036233069      4.7362774     0.25703960
      2.5900000     -416.14649     0.76553427  0.00031536000      4.5043133     0.25080494
      2.6000000     -412.92989     0.74879046  0.00071699625      4.3517388     0.24389594
