      2.0000000     -2793.1537     0.72314284     0.91142758     0.38200063     0.91142758
      2.0100000     -2781.1183     0.73994247     0.90793624     0.41316301     0.90793624
      2.0200000     -2769.1882     0.76615828     0.90447735     0.44731682     0.90447735
      2.0300000     -2756.9135     0.78495922     0.90076558     0.48923657     0.90076558
      2.0400000     -2743.7942     0.80824073     0.89681869     0.52765115     0.89681869
      2.0500000     -2731.1564     0.82939997     0.89298851     0.56756157     0.89298851
      2.0600000     -2717.6390     0.84905602     0.88867313     0.61844410     0.88867313
      2.0700000     -2703.5899     0.87697436     0.88403010     0.69108104     0.88403010
      2.0800000     -2689.3068     0.90391844     0.87926289     0.75694396     0.87926289
      2.0900000     -2674.7565     0.93453682     0.87421243     0.86090269     0.87421243
      2.1000000     -2659.4594     0.95854870     0.86883324     0.93967708     0.86883324
      2.1100000     -2643.2871     0.99758874     0.86283861      1.0639477     0.86283861
      2.1200000     -2627.5178      1.0272052     0.85697430      1.1809887     0.85697430
      2.1300000     -2610.4285      1.0623365     0.85018254      1.3726448     0.85018254
      2.1400000     -2594.2386      1.0959925     0.36225945      1.6142263     0.84377428
      2.1500000     -2575.1118      1.1496975     0.35053452      2.1599052     0.83491934
      2.1600000     -2556.5863      1.1877381     0.82729118      2.1571524     0.82729118
      2.1700000     -2537.4526      1.2334209     0.81823613      2.5045495     0.81823613
      2.1800000     -2517.7058      1.2816087     0.63205245      2.8267845     0.80909029
      2.1900000     -2496.4114      1.3498884     0.40598706      3.8495768     0.79688826
      2.2000000     -2474.6075      1.3873768     0.20283610      4.4083058     0.78531258
      2.2100000     -2451.8367      1.4822018     0.24239507      5.9449748     0.77109665
      2.2200000     -2426.3533      1.5595072    -0.26336871      7.3038792     0.75421283
      2.2300000     -2402.2389      1.6403719   -0.089533935      8.9866754     0.73762698
      2.2400000     -2373.4371      1.7279851  -0.0038750213      11.659366     0.71438915
      2.2500000     -2345.3683      1.8379104   -0.077311407      14.646857     0.69016358
      2.2600000     -2315.4413      1.9382805   -0.034525418      18.499230     0.66156663
      2.2700000     -2285.5921      1.9604800    0.047645924      20.701134     0.63510917
      2.2800000     -2253.4959      2.0013047   -0.035749488      23.765784     0.60113861
      2.2900000     -2222.7968      2.0133996    0.067888348      26.865926     0.56761850
      2.3000000     -2193.2091      1.9893443   -0.028019691      27.959240     0.53938132
      2.3100000     -2155.9954      1.9471091    0.018748609      30.426146     0.48933576
      2.3200000     -2127.7804      1.8703688    0.025296301      30.248686     0.46057844
      2.3300000     -2097.2883      1.7935703    0.024404633      30.502025     0.42282507
      2.3400000     -2069.4505      1.6966752  0.00016791625      29.590772     0.39116678
      2.3500000     -2043.2884      1.5885192    0.017278696      28.078640     0.36269221
      2.3600000     -2016.4991      1.4857959   0.0083644181      25.741317     0.33128521
      2.3700000     -1995.2565      1.4270000   0.0052761588      24.439695     0.31259558
      2.3800000     -1974.0286      1.3527225   0.0097993437      22.730629     0.29332370
      2.3900000     -1951.7151      1.2708690  -0.0039482750      20.611570     0.27190291
      2.4000000     -1932.6394      1.2227674  -0.0058142087      19.047084     0.25720155
      2.4100000     -1912.6593      1.1555724  -0.0016693144      17.242657     0.24089452
      2.4200000     -1894.7554      1.1136598   0.0050814362      15.940774     0.22856463
      2.4300000     -1876.8201      1.0701397   0.0042236081      14.561975     0.21463452
      2.4400000     -1861.0116      1.0333304  -0.0057479788      13.532474     0.20605528
      2.4500000     -1844.2872     0.99516038  -0.0064077925      12.428019     0.19688896
      2.4600000     -1829.0323     0.96689723   0.0024622006      11.466053     0.18724830
      2.4700000     -1813.5489     0.94234570   0.0016827637      10.640961     0.17955971
      2.4800000     -1798.4747     0.91287678  -0.0015629287      9.8749539     0.17221007
      2.4900000     -1784.1781     0.89216945   0.0013523019      9.1062663     0.16612800
      2.5000000     -1770.5899     0.87129399   0.0012619469      8.6858307     0.16028237
      2.5100000     -1756.3806     0.84476711  8.8578125E-05      8.0574517     0.15496640
      2.5200000     -1743.0082     0.83029430   0.0013581019      7.6296118     0.14973436
      2.5300000     -1730.0566     0.81228274   0.0024903444      7.1600048     0.14524617
      2.5400000     -1717.3018     0.79669908   0.0017753706      6.7837627     0.14173339
      2.5500000     -1704.0863     0.77209729  -0.0016813213      6.2637255     0.13638276
      2.5600000     -1692.1800     0.76355720  0.00034959312      5.8920318     0.13180944
      2.5700000     -1679.8159     0.74440069  0.00090023125      5.5647805     0.12863990
      2.5800000     -1667.7028     0.73374786  0.00010153312      5.3480562     0.12619694
      2.5900000     -1656.6154     0.71913165   0.0019962769      5.1719341     0.12355829
      2.6000000     -1645.0820     0.70497606   0.0023799987      4.8282755     0.11974160
