      2.0000000     -11171.446     0.72576657     0.91131289     0.38304816     0.91131289
      2.0100000     -11124.309     0.74654748     0.90789240     0.42008035     0.90789240
      2.0200000     -11077.081     0.76364098     0.90454494     0.44440575     0.90454494
      2.0300000     -11027.070     0.78333265     0.90076053     0.48659200     0.90076053
      2.0400000     -10974.887     0.80794687     0.89675093     0.53226386     0.89675093
      2.0500000     -10923.046     0.83334797     0.89271536     0.58668080     0.89271536
      2.0600000     -10869.011     0.85568514     0.88840902     0.63745679     0.88840902
      2.0700000     -10814.341     0.87537184     0.88401267     0.68975650     0.88401267
      2.0800000     -10758.109     0.90228079     0.87940032     0.75167477     0.87940032
      2.0900000     -10698.012     0.93104377     0.87417250     0.84100359     0.87417250
      2.1000000     -10637.116     0.96427997     0.86865328     0.97146313     0.86865328
      2.1100000     -10574.683     0.99449536     0.86300241      1.0712816     0.86300241
      2.1200000     -10510.423      1.0266428     0.85691874      1.2002615     0.85691874
      2.1300000     -10442.935      1.0625903     0.85040180      1.3607098     0.85040180
      2.1400000     -10375.067      1.0995562     0.84362281      1.5296080     0.84362281
      2.1500000     -10302.301      1.1445099     0.83576253      1.7967098     0.83576253
      2.1600000     -10228.115      1.1872244     0.82740781      2.1592443     0.82740781
      2.1700000     -10150.350      1.2366288     0.81843291      2.5027115     0.81843291
      2.1800000     -10068.751      1.2877427     0.80811688      3.0894081     0.80811688
      2.1900000     -9984.4619      1.3583491     0.79664240      4.0047364     0.79664240
      2.2000000     -9897.6895      1.4150284     0.78476801      4.9065034     0.78476801
      2.2100000     -9805.8034      1.4804775     0.77088526      6.0025888     0.77088526
      2.2200000     -9704.1272      1.6037140     0.13289521      10.348295     0.75226437
      2.2300000     -9601.5025      1.6889272     0.73377282      12.118160     0.73377283
      2.2400000     -9487.9227      1.8204745    -0.29928851      19.016322     0.70776933
      2.2500000     -9374.4232      1.9201842     0.12241914      25.139165     0.68203960
      2.2600000     -9222.2252      2.2480867    0.061192715      60.470669     0.62210575
      2.2700000     -9087.1173      2.3196002    0.016276544      71.854472     0.57624637
      2.2800000     -8936.7371      2.3617346    0.050911219      90.337766     0.51504617
      2.2900000     -8783.9944      2.2891836   -0.066698899      103.99400     0.44248541
      2.3000000     -8649.4731      2.1161025   -0.034615979      100.95450     0.38633100
      2.3100000     -8520.7920      1.9274841  -0.0067018372      94.352020     0.32748063
      2.3200000     -8397.3676      1.7282361   -0.016266442      80.517539     0.27455219
      2.3300000     -8292.7325      1.6070201  -0.0067786939      68.358585     0.24265938
      2.3400000     -8197.1119      1.4909921    0.012940567      57.584233     0.21644682
      2.3500000     -8103.1266      1.4080370   -0.011393588      49.001428     0.19138705
      2.3600000     -8016.1109      1.3124060   0.0012541538      39.953055     0.17157229
      2.3700000     -7935.0348      1.2691570  -0.0050120722      34.853369     0.15974124
      2.3800000     -7855.0720      1.2179772  -0.0015707958      30.344603     0.14636628
      2.3900000     -7778.1144      1.1730116  0.00021878828      26.376550     0.13453365
      2.4000000     -7705.6550      1.1264312  -0.0013262662      22.840003     0.12608258
      2.4100000     -7634.7595      1.0937515   0.0013395162      20.083306     0.11809358
      2.4200000     -7567.1039      1.0609370  -0.0016279938      18.456643     0.11356795
      2.4300000     -7500.0853      1.0303403   0.0042252837      16.626902     0.10685500
      2.4400000     -7431.9010      1.0010893   0.0030963677      14.789734     0.10018905
      2.4500000     -7371.2951     0.97309685 -0.00046313641      13.430495    0.095722484
      2.4600000     -7311.0171     0.94788488  9.9408437E-05      12.581946    0.092637582
      2.4700000     -7250.0277     0.92334280   0.0027868509      11.319529    0.088496639
      2.4800000     -7190.5703     0.90023704   0.0010804255      10.444063    0.085402777
      2.4900000     -7134.8496     0.88616153   0.0010829745      9.7947658    0.082220610
      2.5000000     -7079.5728     0.86315336  0.00045910031      9.0406207    0.079368211
      2.5100000     -7024.1693     0.84481438 -9.3177500E-05      8.3720207    0.076414989
      2.5200000     -6970.7015     0.82282363   0.0014469403      7.9347035    0.074415216
      2.5300000     -6919.5965     0.80967122  0.00022676375      7.4438326    0.072548814
      2.5400000     -6867.7812     0.78881424 -0.00045667609      6.9757979    0.070162126
      2.5500000     -6817.3083     0.77557616   0.0014216925      6.6063309    0.068414540
      2.5600000     -6768.8874     0.76199522 -0.00015156156      6.1915717    0.066474852
      2.5700000     -6720.9839     0.74668896 -0.00019163172      5.9115350    0.064679554
      2.5800000     -6672.9581     0.73289642  0.00082333078      5.5597145    0.062606614
