      2.0000000     -1.7457121     0.72483436     0.91141875     0.38183425     0.91141875
      2.0100000     -1.7381878     0.74189204     0.90791217     0.41656122     0.90791217
      2.0200000     -1.7306085     0.76601705     0.90433026     0.45371979     0.90433026
      2.0300000     -1.7230693     0.78578175     0.90077441     0.48798832     0.90077441
      2.0400000     -1.7150376     0.80704970     0.89690635     0.52514784     0.89690635
      2.0500000     -1.7069315     0.82874853     0.89296471     0.56446045     0.89296471
      2.0600000     -1.6984310     0.85247861     0.88855150     0.62893045     0.88855150
      2.0700000     -1.6896535     0.87573989     0.88396560     0.68607463     0.88396560
      2.0800000     -1.6807997     0.90308373     0.87926534     0.75570340     0.87926534
      2.0900000     -1.6718216     0.93632110     0.87428284     0.86297765     0.87428284
      2.1000000     -1.6620269     0.96066190     0.86868799     0.95634385     0.86868799
      2.1100000     -1.6522007     0.99848874     0.86285483      1.0859051     0.86285483
      2.1200000     -1.6422123      1.0276905     0.85703219      1.1677502     0.85703219
      2.1300000     -1.6315645      1.0605268     0.85017147      1.3839623     0.85017147
      2.1400000     -1.6216655      1.0899384     0.84428904      1.4744786     0.84428904
      2.1500000     -1.6090749      1.1570271     0.10747625      2.3848554     0.83405350
      2.1600000     -1.5979459      1.1840488     0.82745794      2.1247166     0.82745794
      2.1700000     -1.5860092      1.2302201     0.81851912      2.4193349     0.81851912
      2.1800000     -1.5731831      1.2918877     0.54283759      2.9420352     0.80839448
